1
853
3
4
5
6
7
8
9
10
11
12
13
14
15
16
17
18
19
20
21
22
137
24
25
26
27
28
839
30
31
32
33
34
35
36
37
38
446
279
284
42
43
44
45
46
47
48
449
50
51
52
53
54
55
56
57
58
59
53
61
62
63
64
65
66
67
68
69
70
71
72
73
74
75
76
77
78
79
80
81
82
83
84
85
86
87
88
89
90
91
92
93
94
95
96
97
98
99
100
101
102
103
104
105
106
107
108
280
652
111
112
113
114
372
116
117
118
119
120
121
122
123
124
285
126
127
128
129
552
131
132
133
134
135
136
137
138
139
472
141
843
143
144
874
146
147
148
149
150
151
152
153
154
155
156
157
158
159
160
161
162
163
164
165
166
167
168
169
170
171
172
173
191
175
176
177
178
179
180
679
461
183
184
185
665
187
188
189
190
191
192
193
205
195
196
197
198
199
200
89
202
203
204
205
206
207
643
209
210
211
212
213
214
215
216
217
986
219
220
980
222
223
224
109
85
227
247
229
230
231
535
233
234
235
744
237
238
239
240
241
242
243
244
245
246
247
248
447
250
251
252
253
254
255
256
257
84
259
260
261
262
263
264
265
266
820
268
269
176
271
272
273
274
275
276
277
278
279
280
281
764
283
284
285
286
287
288
289
290
291
433
293
253
295
296
297
298
299
355
301
302
303
304
305
306
307
308
309
310
311
312
313
314
315
316
317
318
319
320
321
322
323
324
325
326
327
328
329
330
331
332
333
334
335
336
337
338
339
340
341
342
343
344
345
346
347
348
349
350
351
352
125
354
355
356
357
358
496
360
700
362
363
751
365
366
367
368
369
370
371
372
373
374
375
842
377
378
379
380
381
362
383
384
385
386
387
388
699
390
391
392
102
394
395
396
397
398
399
400
401
402
403
596
405
406
407
408
491
410
411
412
413
414
415
416
417
418
337
420
421
422
423
424
425
426
427
428
429
59
431
432
433
434
435
436
437
438
439
440
441
442
443
444
445
816
447
448
690
450
451
201
953
752
73
456
457
458
485
460
461
462
463
464
465
466
467
468
922
470
471
472
473
474
475
356
175
478
926
480
481
482
941
484
485
192
487
488
489
490
491
492
493
494
495
496
497
498
499
500
501
502
503
504
505
974
507
508
509
510
511
700
513
514
515
516
790
518
519
520
521
246
523
524
525
526
527
949
529
882
531
532
533
534
979
536
537
538
539
540
541
542
543
544
545
546
547
920
549
550
407
552
553
554
555
556
557
558
559
560
561
562
563
564
565
566
509
568
569
570
571
572
573
574
575
576
11
578
579
580
836
582
583
584
585
586
587
588
589
590
591
748
593
256
595
596
499
598
599
600
601
602
603
604
605
606
607
608
609
610
611
612
613
614
615
616
617
618
619
620
621
622
623
624
456
626
627
978
629
630
631
632
633
893
635
636
637
638
639
640
641
642
886
644
645
646
647
648
649
650
651
652
653
654
655
542
470
658
381
931
661
662
663
664
665
666
667
668
669
670
671
672
673
674
675
676
677
678
679
680
681
682
683
684
685
686
687
688
689
690
691
692
693
336
695
696
697
698
699
700
701
993
703
704
705
706
707
708
709
710
711
712
713
714
715
716
717
718
719
720
721
722
723
724
802
726
727
728
729
730
731
732
733
734
735
736
737
738
739
740
741
742
743
841
745
746
747
748
150
902
751
703
753
754
755
756
757
46
759
760
761
762
763
764
765
766
767
768
973
847
771
772
773
774
775
776
777
778
779
780
781
782
783
784
337
786
787
788
789
790
791
792
751
794
795
796
797
798
799
800
801
802
803
804
805
586
807
808
809
810
811
812
813
814
815
816
817
145
324
820
821
822
823
824
825
826
827
828
501
837
831
422
833
374
835
836
837
838
839
840
841
842
843
844
845
846
847
848
849
850
851
852
452
854
952
856
857
858
859
860
861
862
863
864
865
866
867
868
835
870
871
872
873
638
875
876
75
878
527
880
479
980
883
884
885
886
887
888
889
181
891
210
893
894
895
896
897
898
899
20
901
902
903
904
905
906
907
908
909
910
911
912
354
914
915
916
917
918
919
920
921
922
923
924
925
926
927
587
929
930
931
352
933
934
552
936
937
938
939
940
941
942
943
944
945
946
947
948
949
847
951
952
953
954
955
956
957
958
959
960
961
975
963
964
965
966
16
968
969
970
971
972
973
974
975
976
977
978
979
980
981
982
983
984
985
986
987
988
989
990
991
992
993
994
995
996
997
998
999
1000
