303
693
288
366
789
143
506
68
284
657
999
546
241
62
105
639
489
933
876
520
770
676
132
337
367
863
373
212
231
787
483
914
155
198
31
352
440
519
753
324
915
507
855
120
271
987
700
334
635
530
371
758
646
487
735
347
405
907
460
325
906
21
627
12
217
269
482
474
810
389
305
920
353
649
72
952
70
874
516
63
333
57
102
298
256
578
937
490
199
738
74
566
467
908
170
91
961
589
972
283
206
42
594
545
965
45
947
666
493
624
472
985
6
30
207
575
825
683
244
159
349
522
623
833
82
679
419
600
629
194
832
979
267
596
542
22
319
137
343
812
962
424
354
713
951
574
647
444
998
555
577
385
927
970
668
681
756
729
822
728
708
950
517
718
223
736
903
394
697
181
146
510
168
503
418
633
35
644
969
81
328
553
867
746
428
453
397
893
626
456
642
557
308
259
707
167
163
732
820
473
601
149
34
479
854
648
67
200
534
585
762
986
781
404
734
556
531
968
239
185
913
983
193
65
769
246
632
902
469
214
845
561
133
559
733
680
622
106
597
655
258
783
899
481
58
912
43
408
737
605
491
808
606
230
757
470
321
670
856
860
449
158
10
147
176
539
565
786
688
179
153
610
828
4
374
699
291
774
663
156
211
240
645
778
966
16
819
898
726
919
262
376
488
526
494
551
862
411
301
673
73
273
637
445
569
357
38
320
433
924
659
550
525
548
229
827
625
393
840
287
940
255
368
884
20
438
954
436
125
922
527
401
892
724
971
722
342
814
581
7
295
85
936
462
391
345
108
710
77
538
776
264
957
322
731
711
362
195
582
478
586
513
615
687
2
959
76
251
669
895
665
879
350
210
220
403
823
643
794
793
953
619
763
662
504
993
938
233
277
638
119
890
529
817
540
18
318
331
340
709
514
313
358
447
805
958
326
621
495
425
485
897
535
686
877
148
977
113
420
226
674
568
203
429
858
747
990
250
160
658
806
759
118
290
151
910
765
254
141
292
351
541
772
839
818
477
780
705
396
861
52
602
413
317
29
790
330
53
289
717
50
878
964
995
95
306
682
576
701
339
427
41
282
89
117
69
677
838
417
956
381
388
55
316
497
984
128
208
695
706
335
771
27
375
285
304
887
752
28
865
537
101
831
363
360
84
71
437
161
803
719
182
426
219
800
725
402
847
390
172
543
703
454
384
310
296
811
792
37
544
480
202
248
109
587
299
630
850
127
171
603
187
476
798
524
661
492
180
75
894
981
191
486
201
512
797
671
236
307
78
406
678
691
364
896
409
165
178
588
228
749
247
278
361
166
359
410
750
398
939
275
813
905
90
547
94
980
611
791
614
46
932
136
421
873
704
190
975
654
293
140
430
785
941
407
370
604
846
904
13
215
766
573
955
323
978
515
48
583
821
591
698
66
796
744
348
595
222
815
238
423
946
760
431
640
135
268
723
871
944
87
864
740
297
900
889
754
312
260
745
61
690
49
379
852
265
225
395
960
761
742
848
114
836
885
432
580
205
216
716
129
992
26
696
572
883
801
923
100
844
399
571
664
496
234
115
213
917
974
536
584
804
730
452
617
463
963
741
184
799
532
563
809
142
17
650
880
14
92
286
392
455
124
32
382
131
560
15
280
435
620
344
857
11
315
173
86
777
300
123
996
104
949
150
461
564
802
528
988
152
948
636
336
377
36
943
164
252
183
788
218
60
126
341
314
380
925
829
263
270
266
274
751
386
835
816
99
227
712
249
616
311
96
175
97
567
607
439
116
631
224
338
689
243
552
157
562
378
973
598
764
909
112
653
192
498
675
209
549
103
768
934
138
592
302
279
465
189
110
59
795
628
775
739
509
593
54
144
281
457
443
826
694
570
145
79
3
441
471
1
450
929
590
882
56
554
33
667
994
346
332
853
634
51
942
475
5
521
967
824
499
242
656
83
881
935
511
505
609
830
294
451
727
257
237
309
558
997
416
121
19
458
692
196
276
139
23
245
843
232
466
261
204
272
755
500
44
652
40
186
721
369
221
327
991
866
834
685
872
767
613
618
869
841
372
748
448
24
849
434
918
928
875
484
169
98
982
859
518
891
107
415
177
579
154
329
888
641
365
8
523
868
459
773
355
80
612
886
122
930
608
88
976
533
837
93
25
442
782
715
842
134
188
702
931
47
235
412
356
779
422
400
253
464
784
651
130
851
1000
916
446
501
807
162
502
599
926
672
414
684
64
9
508
174
911
901
387
197
383
945
660
921
111
743
39
989
714
468
870
720
